1
L
(0.08090370381673062, 0.9190962961832694)
2
LL
(0.13667242471082963, 0.8633275752891703)
3
LLL
(0.1751150433233133, 0.8248849566766867)
4
LLLL
(0.20161439461005312, 0.798385605389947)
5
LLLLL
(0.21988098632422956, 0.7801190136757705)
6
LLLLLL
(0.23247255391552324, 0.7675274460844768)
7
LLLLLLL
(0.24115220126774772, 0.7588477987322524)
8
LLLLLLLL
(0.24713527506795255, 0.7528647249320475)
9
LLLLLLLLL
(0.25125954079512214, 0.7487404592048779)
10
LLLLLLLLLL
(0.25410248881085995, 0.7458975111891399)
11
LLLLLLLLLLL
(0.25606219605448965, 0.7439378039455102)
12
LLLLLLLLLLLL
(0.2574130658064073, 0.7425869341935927)
13
LLLLLLLLLLLLL
(0.2583442503456175, 0.7416557496543825)
14
LLLLLLLLLLLLLL
(0.2589861365414059, 0.7410138634585941)
15
LLLLLLLLLLLLLLL
(0.25942860296024606, 0.7405713970397538)
16
LLLLLLLLLLLLLLLL
(0.2597336048953022, 0.7402663951046977)
17
LLLLLLLLLLLLLLLLL
(0.25994384950693133, 0.7400561504930687)
18
LLLLLLLLLLLLLLLLLL
(0.26008877578981193, 0.739911224210188)
19
LLLLLLLLLLLLLLLLLLL
(0.2601886766971733, 0.7398113233028267)
20
LLLLLLLLLLLLLLLLLLLL
(0.2602575406126292, 0.7397424593873707)
21
LLLLLLLLLLLLLLLLLLLLL
(0.26030501003985634, 0.7396949899601437)
22
LLLLLLLLLLLLLLLLLLLLLL
(0.2603377317709161, 0.7396622682290839)
23
LLLLLLLLLLLLLLLLLLLLLLL
(0.26036028758728247, 0.7396397124127174)
24
LLLLLLLLLLLLLLLLLLLLLLLL
(0.26037583581274226, 0.7396241641872578)
25
LLLLLLLLLLLLLLLLLLLLLLLLL
(0.26038655355006646, 0.7396134464499335)
26
LLLLLLLLLLLLLLLLLLLLLLLLLL
(0.26039394152457507, 0.7396060584754249)
27
LLLLLLLLLLLLLLLLLLLLLLLLLLL
(0.26039903421958044, 0.7396009657804195)
28
LLLLLLLLLLLLLLLLLLLLLLLLLLLL
(0.2604025447274182, 0.7395974552725817)
29
LLLLLLLLLLLLLLLLLLLLLLLLLLLLL
(0.26040496459848184, 0.7395950354015182)
30
LLLLLLLLLLLLLLLLLLLLLLLLLLLLLL
(0.2604066326693806, 0.7395933673306194)
FINI