1
L
(0.12330296372254608, 0.8766970362774539)
2
LL
(0.204377470867383, 0.795622529132617)
3
LLL
(0.25768580596603335, 0.7423141940339666)
4
LLLL
(0.2927372505084374, 0.7072627494915624)
5
LLLLL
(0.3157843736691143, 0.6842156263308855)
6
LLLLLL
(0.33093838209637955, 0.6690616179036204)
7
LLLLLLL
(0.34090248780330973, 0.6590975121966901)
8
LLLLLLLL
(0.34745411426012546, 0.6525458857398744)
9
LLLLLLLLL
(0.35176195788324094, 0.648238042116759)
10
LLLLLLLLLL
(0.35459446318609, 0.6454055368139099)
11
LLLLLLLLLLL
(0.356456899939276, 0.6435431000607239)
12
LLLLLLLLLLLL
(0.3576814945256052, 0.6423185054743946)
13
LLLLLLLLLLLLL
(0.3584866933589624, 0.6415133066410375)
14
LLLLLLLLLLLLLL
(0.35901612993207616, 0.6409838700679237)
15
LLLLLLLLLLLLLLL
(0.35936424653798543, 0.6406357534620144)
16
LLLLLLLLLLLLLLLL
(0.3595931411354952, 0.6404068588645048)
17
LLLLLLLLLLLLLLLLL
(0.3597436445469377, 0.6402563554530621)
18
LLLLLLLLLLLLLLLLLL
(0.35984260396800866, 0.6401573960319912)
19
LLLLLLLLLLLLLLLLLLL
(0.35990767204138213, 0.6400923279586177)
20
LLLLLLLLLLLLLLLLLLLL
(0.35995045578169427, 0.6400495442183056)
21
LLLLLLLLLLLLLLLLLLLLL
(0.35997858706544367, 0.6400214129345563)
22
LLLLLLLLLLLLLLLLLLLLLL
(0.359997084025261, 0.6400029159747389)
23
LLLLLLLLLLLLLLLLLLLLLLL
(0.36000924619764996, 0.6399907538023499)
24
LLLLLLLLLLLLLLLLLLLLLLLL
(0.360017243103016, 0.6399827568969838)
25
LLLLLLLLLLLLLLLLLLLLLLLLL
(0.36002250125044144, 0.6399774987495584)
26
LLLLLLLLLLLLLLLLLLLLLLLLLL
(0.36002595860213954, 0.6399740413978603)
27
LLLLLLLLLLLLLLLLLLLLLLLLLLL
(0.36002823188962985, 0.63997176811037)
28
LLLLLLLLLLLLLLLLLLLLLLLLLLLL
(0.36002972662793387, 0.639970273372066)
29
LLLLLLLLLLLLLLLLLLLLLLLLLLLLL
(0.3600307094524148, 0.6399692905475851)
30
LLLLLLLLLLLLLLLLLLLLLLLLLLLLLL
(0.3600313556818969, 0.639968644318103)



GENERATION 3 SAFARI ZONE CALCULATOR
PRESS ENTER TO BEGIN
12
(1, 'TTLLTLLLTLLTLLLLL', 0.33529547418835914, 0.664704525811641)
13
(1, 'TTLLTLLLTLLTLLLLLL', 0.34356773849978584, 0.6564322615002143)
14
(5, 'TTLLTLLLTLLTLLTLLLLL', 0.3495621421198468, 0.6504378578801534)
15
(5, 'TTLLTLLLTLLTLLTLLLLLL', 0.3556020861476037, 0.6443979138523965)
16
(9, 'TTLLTLLLTLLTLLLTLLLLLL', 0.36006104348700446, 0.6399389565129956)
17
(37, 'TTLLTLLLTLLTLLTLLLTLLLLL', 0.3642345748691064, 0.6357654251308937)
18
(37, 'TTLLTLLLTLLTLLTLLLTLLLLLL', 0.36766391588712144, 0.6323360841128787)
19
(165, 'TTLLTLLLTLLTLLTLLLTLLTLLLLL', 0.3704902387219141, 0.629509761278086)
20
(165, 'TTLLTLLLTLLTLLTLLLTLLTLLLLLL', 0.37306186242795414, 0.626938137572046)
21
(661, 'TTLLTLLLTLLTLLTLLTLLLTLLTLLLLL', 0.3750218184704942, 0.6249781815295059)
22
(661, 'TTLLTLLLTLLTLLTLLTLLLTLLTLLLLLL', 0.3768863346405172, 0.6231136653594829)
23