1
L
(0.10660922591856825, 0.8933907740814317)
2
LL
(0.17804200006927717, 0.8219579999307227)
3
LLL
(0.22590503611424165, 0.7740949638857584)
4
LLLL
(0.25797533223081537, 0.7420246677691846)
5
LLLLL
(0.2794638122352702, 0.7205361877647298)
6
LLLLLL
(0.29386201957403024, 0.7061379804259698)
7
LLLLLLL
(0.30350943877385, 0.69649056122615)
8
LLLLLLLL
(0.3099736252539613, 0.6900263747460387)
9
LLLLLLLLL
(0.31430490867641636, 0.6856950913235837)
10
LLLLLLLLLL
(0.3172070551635812, 0.6827929448364187)
11
LLLLLLLLLLL
(0.3191516183360807, 0.6808483816639193)
12
LLLLLLLLLLLL
(0.32045455943452783, 0.6795454405654722)
13
LLLLLLLLLLLLL
(0.321327586101921, 0.6786724138980791)
14
LLLLLLLLLLLLLL
(0.32191255157955306, 0.6780874484204469)
15
LLLLLLLLLLLLLLL
(0.3223045036502076, 0.6776954963497925)
16
LLLLLLLLLLLLLLLL
(0.3225671284230612, 0.6774328715769389)
17
LLLLLLLLLLLLLLLLL
(0.3227430983348957, 0.6772569016651044)
18
LLLLLLLLLLLLLLLLLL
(0.3228610057567073, 0.6771389942432926)
19
LLLLLLLLLLLLLLLLLLL
(0.322940008808839, 0.677059991191161)
20
LLLLLLLLLLLLLLLLLLLL
(0.32299294425726305, 0.677007055742737)
21
LLLLLLLLLLLLLLLLLLLLL
(0.323028413288196, 0.676971586711804)
22
LLLLLLLLLLLLLLLLLLLLLL
(0.3230521790669468, 0.6769478209330533)
23
LLLLLLLLLLLLLLLLLLLLLLL
(0.3230681031625529, 0.6769318968374471)
24
LLLLLLLLLLLLLLLLLLLLLLLL
(0.323078772992628, 0.6769212270073721)
25
LLLLLLLLLLLLLLLLLLLLLLLLL
(0.32308592223844057, 0.6769140777615594)
26
LLLLLLLLLLLLLLLLLLLLLLLLLL
(0.32309071254112853, 0.6769092874588716)
27
LLLLLLLLLLLLLLLLLLLLLLLLLLL
(0.32309392225029837, 0.6769060777497016)
28
LLLLLLLLLLLLLLLLLLLLLLLLLLLL
(0.3230960728937182, 0.6769039271062818)
29
LLLLLLLLLLLLLLLLLLLLLLLLLLLLL
(0.32309751391746044, 0.6769024860825397)
30
LLLLLLLLLLLLLLLLLLLLLLLLLLLLLL
(0.3230984794654479, 0.6769015205345521)
4
(0, 'TLLLL', 0.193616515116854, 0.806383484883146)
5
(1, 'TTLLLLL', 0.22240418343925594, 0.7775958165607442)
6
(1, 'TTLLLLLL', 0.2494425326820556, 0.7505574673179444)
7
(1, 'TTLLLLLLL', 0.26808066766503075, 0.7319193323349693)
8
(5, 'TTLLTLLLLLL', 0.287371300690414, 0.7126286993095861)
9
(9, 'TTLLLTLLLLLL', 0.30228240999634737, 0.6977175900036527)
10
(37, 'TTLLTLLLTLLLLL', 0.31517889461428056, 0.6848211053857196)
11
(37, 'TTLLTLLLTLLLLLL', 0.32622058060738307, 0.6737794193926171)
12
(165, 'TTLLTLLLTLLTLLLLL', 0.33529547418835914, 0.664704525811641)
13
(165, 'TTLLTLLLTLLTLLLLLL', 0.34356773849978584, 0.6564322615002143)
14
(677, 'TTLLTLLLTLLTLLTLLLLL', 0.3495621421198468, 0.6504378578801534)